48;1934;71838
50;1813;103889
52;1773;126042
54;1885;153347
56;2490;200795
58;1229;220708
60;1574;259104
48;1908;567888
50;2945;613562
52;1748;635650
54;1835;666908
56;2439;725724
58;1532;726001
60;1599;791831
48;2690;115845
50;1787;147905
52;1672;171840
54;1731;211835
56;1723;227839
58;2062;267828
60;2905;341697
48;1681;663860
50;1709;691860
52;1623;723823
54;1629;751828
56;2260;787827
58;1229;807822
60;2805;891829
48;1606;247527
50;1581;247699
52;1572;267834
54;1552;283851
56;2158;323828
58;1229;348822
60;2855;381523
48;1505;716520
50;1504;739850
52;1522;752109
54;2399;788696
56;2081;851062
58;1229;851402
60;2805;918289
48;1404;252547
50;1401;268100
52;1773;296828
54;1346;324836
56;2005;386553
58;1658;386725
60;2805;412396
48;1328;752829
50;1323;788539
52;1722;788697
54;1270;812828
56;1928;855540
58;6441;912852
60;2729;968842
48;1202;284864
50;1221;323585
52;1397;332874
54;1167;353322
56;1851;400901
58;1177;404289
60;2755;448853
48;1127;792565
50;1118;806138
52;1648;832837
54;1064;848856
56;1801;880839
58;1203;904838
60;2729;940843
48;1026;272821
50;1041;292852
52;1597;328565
54;987;348839
56;932;372839
58;1128;395564
60;2729;436852
48;950;760846
50;963;797569
52;1547;808852
54;911;832849
56;1672;864567
58;1608;889318
60;2729;931561
48;849;266569
50;887;276854
52;1522;308847
54;807;324855
56;2056;348852
58;1255;380838
60;2755;420852
48;774;747853
50;783;802629
52;1472;802900
54;731;819851
56;702;839839
58;1305;868561
60;2805;935592
48;1858;270559
50;732;271991
52;1496;295856
54;731;319850
56;1851;337551
58;1305;366859
60;2805;415908
48;774;742242
50;629;755962
52;618;797330
54;653;819956
56;702;820191
58;1330;855845
60;2854;916841
48;4153;258144
50;578;271333
52;1748;299860
54;603;323414
56;600;339874
58;1457;365452
60;2905;400874
48;798;722748
50;603;743565
52;569;768837
54;4838;810563
56;523;825288
58;622;845817
60;2805;903972
48;2766;230454
50;603;259890
52;518;280990
54;4605;311913
56;497;335861
58;1835;359862
60;2352;439315
48;4430;775784
50;2816;816931
52;493;848667
54;4451;883902
56;650;916111
58;573;925235
60;1625;976848
48;2915;303893
50;2764;335948
52;569;359868
54;4451;400827
56;650;426902
58;547;453980
60;2605;516602
48;2261;856670
50;2662;887549
52;569;907855
54;4887;951840
56;650;967854
58;522;999842
60;1926;63859
48;2236;395846
50;2610;422553
52;2726;467841
54;2655;489557
56;650;523879
58;522;531854
60;2503;624709
48;2211;960940
50;2662;973217
52;2651;3657
54;3091;35855
56;2516;79889
58;522;92559
60;2102;151841
48;1757;479850
50;2662;515853
52;2626;539907
54;2476;575856
56;2465;615886
58;547;623853
60;2052;695557
48;2135;30555
50;3279;63842
52;2526;88956
54;2116;123845
56;2388;151858
58;573;183840
60;2052;230556
48;1706;566612
50;3279;595864
52;2300;644869
54;3143;665195
56;2337;688845
58;598;716847
60;2052;774080
48;2085;112855
50;3278;144849
52;2224;172957
54;1962;200854
56;4254;255892
58;622;267852
60;2051;323899
48;2034;651856
50;3278;704559
52;2199;715922
54;2372;747861
56;2158;787875
58;648;807858
60;2051;875842
48;1959;197525
50;3279;240564
52;2124;263855
54;2296;287862
56;2081;327879
58;673;343841
60;2052;407856
48;2010;739838
50;3278;775555
52;2023;799940
54;2809;835844
56;2005;861200
58;724;879910
60;2077;947855
48;1504;311558
50;3278;311887
52;1923;343925
54;1885;367860
56;1902;407883
58;749;415854
60;2077;512565
48;1606;829845
50;3279;859887
52;1798;891872
54;1783;915928
56;1851;941856
58;799;969961
60;1500;36262
48;1732;375853
50;3278;396836
52;1748;420836
54;1757;448852
56;1775;480685
58;1683;516841
60;1449;568850
48;1631;904845
50;3228;936835
52;1648;962093
54;2502;993979
56;1698;24108
58;1708;56837
60;1399;128841
48;1303;440049
50;3150;478845
52;1623;521569
54;1526;535989
56;1622;564844
58;1785;588568
60;1399;660849
48;1227;991719
50;3022;31860
52;1547;51843
54;1450;77825
56;1571;111840
58;1860;124561
60;1348;159840
48;1151;475853
50;2945;526561
52;1447;547864
54;2528;571853
56;3129;615845
58;3225;657828
60;1298;695880
48;1076;37222
50;2842;62701
52;1396;87857
54;1552;120560
56;3027;148163
58;1810;183970
60;1298;256175
48;1000;561790
50;2738;602384
52;1371;627865
54;1476;643989
56;3103;687208
58;1759;711753
60;1273;783877
48;925;102482
50;2662;131902
52;1321;158198
54;1398;195647
56;2822;237481
58;1734;248711
60;1273;275282
48;900;602573
50;2558;632517
52;1096;669559
54;1320;684644
56;2745;715841
58;1683;743860
60;1625;775841
48;849;99839
50;2455;138567
52;1045;153127
54;4607;197879
56;2695;231845
58;1683;259917
60;1223;315844
48;950;636232
50;2430;673555
52;995;709807
54;4476;740561
56;2439;775852
58;1659;807557
60;1625;859858
48;900;209554
50;2327;209866
52;945;231855
54;4452;277939
56;2362;323887
58;1634;343563
60;1147;399093
48;874;723850
50;2198;745554
52;2550;788840
54;4348;827845
56;2465;855858
58;1204;887840
60;796;939855
48;874;263855
50;2122;299859
52;2425;331846
54;2116;350408
56;2363;391882
58;1178;407861
60;771;439848
48;950;779892
50;2043;791858
52;2425;814300
54;4195;855228
56;2312;884893
58;1583;912377
60;771;972851
48;925;296848
50;1993;340839
52;995;352569
54;1962;378040
56;2260;420668
58;1583;447915
60;770;475856
48;925;799851
50;1993;821555
52;794;847853
54;1911;888604
56;2261;907853
58;1583;939843
60;770;959898
48;1883;311974
50;2223;321980
52;770;355725
54;2373;379843
56;2158;416872
58;1583;438763
60;795;461130
48;2337;805066
50;1915;827113
52;745;837938
54;2348;871570
56;2133;905827
58;1583;923844
60;820;967343
48;1833;276848
50;1916;306761
52;719;326869
54;1757;355255
56;2184;385189
58;1557;424967
60;921;446733
48;1757;775087
50;1837;804952
52;694;833428
54;1705;860218
56;2184;878315
58;1532;906326
60;921;950612
48;1681;277402
50;1761;291864
52;2150;319860
54;1629;354290
56;1928;382763
58;1507;404684
60;896;449745
48;1731;763857
50;1709;787850
52;2048;840840
54;1551;842445
56;1851;867890
58;1457;902563
60;921;927844
48;1657;269705
50;1915;303554
52;1999;324672
54;1475;339853
56;1775;363988
58;2164;395840
60;921;437807
48;1580;773667
50;1503;773978
52;1873;807860
54;1398;834711
56;1698;852362
58;622;882892
60;971;924668
48;1378;241554
50;1401;271839
52;1773;295841
54;1320;331880
56;1622;347852
58;622;375564
60;1674;413065
48;1278;739838
50;1323;777556
52;1672;789143
54;1244;815852
56;1570;844556
58;648;863854
60;1047;899856
48;1176;246553
50;1221;267887
52;1672;279882
54;1167;312558
56;1417;339891
58;648;355852
60;1701;415858
48;1102;735881
50;1118;781564
52;1496;781812
54;1090;807840
56;1315;831870
58;698;848560
60;1701;895915
48;1026;227881
50;1041;250559
52;1346;267852
54;1013;291851
56;1264;315859
58;724;335841
60;1725;387859
48;975;719556
50;989;733184
52;1371;759852
54;961;786563
56;1187;801131
58;774;839839
60;1700;879853
48;925;207919
50;912;226991
52;1297;255623
54;910;283897
56;1137;307897
58;1178;322616
60;1750;390929
48;900;696711
50;887;726461
52;1121;744456
54;859;781285
56;1136;792589
58;1178;816063
60;1750;876298
48;874;200909
50;835;223394
52;1096;244665
54;807;271911
56;829;281765
58;1153;326560
60;1725;357017
48;823;687863
50;783;714239
52;1071;728571
54;782;748846
56;1034;776847
58;1153;795574
60;3106;863717
48;748;183853
50;732;215883
52;1121;239886
54;781;249390
56;1008;279906
58;876;303862
60;1223;347844
48;748;671844
50;707;687856
52;1096;733554
54;1450;733790
56;1008;767842
58;850;777367
60;1072;839917
48;723;201553
50;706;201872
52;1071;202191
54;1013;235843
56;1315;251855
58;850;268558
60;896;335571
48;723;670551
50;706;670842
52;1070;695856
54;6532;751847
56;1060;776908
58;850;804561
60;846;820978
48;723;151848
50;963;163856
52;1045;206563
54;1833;231886
56;1034;255879
58;850;273558
60;846;319989
48;723;643854
50;938;675555
52;1045;691857
54;1809;714985
56;1034;742555
58;850;757120
60;795;809581
48;748;143558
50;886;159858
52;1020;191877
54;885;210562
56;1059;239886
58;850;255854
60;770;303855
48;1378;635839
50;886;679555
52;995;679790
54;833;707765
56;1008;731883
58;876;746560
60;720;814840
48;899;148569
50;809;153030
52;945;162143
54;756;192850
56;957;218538
58;850;228852
60;695;292972
48;496;618673
50;784;645786
52;920;655338
54;473;684228
56;932;709419
58;850;724169
60;695;782938
48;1303;119891
50;758;143888
52;920;151854
54;5787;211852
56;932;239887
58;876;255842
60;695;287612
48;1278;621555
50;732;621865
52;895;651839
54;448;688556
56;932;688778
58;876;715318
60;695;783847
48;1278;107920
50;758;123861
52;895;157557
54;447;175883
56;932;199885
58;876;215841
60;695;267858
48;1253;591850
50;706;626557
52;870;639857
54;1629;671883
56;881;687854
58;1305;711851
60;695;767849
48;1227;95565
50;655;115888
52;594;131853
54;679;162562
56;702;173129
58;1305;199840
60;695;251862
48;1227;583837
50;655;595961
52;870;630561
54;1603;645130
56;702;679840
58;1330;697555
60;720;751848
48;1227;99555
50;655;99895
52;844;123877
54;679;139853
56;676;166557
58;1330;183841
60;695;240962
48;1227;568575
50;629;584850
52;844;604895
54;653;634562
56;676;652836
58;1304;672648
60;695;733373
48;1202;59845
50;629;75855
52;844;99855
54;1577;131840
56;676;147854
58;1305;179839
60;695;238579
48;1202;573567
50;603;574901
52;819;594253
54;337;612837
56;702;640572
58;1330;664846
60;670;721957
48;1202;41561
50;629;75931
52;819;108563
54;337;108822
56;727;131853
58;926;171437
60;670;215861
48;336;539849
50;603;577557
52;819;577791
54;337;599852
56;958;623855
58;926;644558
60;671;721841
48;311;46558
50;603;63881
52;819;73402
54;312;87908
56;702;116870
58;926;147838
60;695;198337
48;311;531881
50;603;547854
52;819;582555
54;312;582788
56;803;607870
58;926;631857
60;670;695892
48;1202;22292
50;603;51564
52;819;71887
54;312;81392
56;702;99853
58;952;131845
60;670;185576
48;1101;529827
50;578;536808
52;794;557090
54;627;580170
56;600;599840
58;1306;623039
60;770;692256
48;1127;18656
50;338;37225
52;694;47859
54;1218;86392
56;574;113124
58;901;128764
60;871;175975
48;672;495883
50;313;515886
52;618;535889
54;1192;559883
56;548;584610
58;876;611916
60;871;676223
48;672;993556
50;313;15840
52;618;27925
54;1192;64039
56;548;88682
58;901;103258
60;871;183840
48;647;495876
50;313;511854
52;594;528558
54;1192;555841
56;549;571854
58;876;595566
60;1148;675843
48;647;997555
50;312;997841
52;569;23848
54;1090;43844
56;599;64561
58;876;87853
60;2026;162219
48;1151;483853
50;1118;533561
52;544;533847
54;679;559880
56;311;569394
58;724;599840
60;1700;661049
48;1127;2554
50;1118;2847
52;284;35853
54;4426;69560
56;1187;89095
58;622;115840
60;1700;143912
48;1984;471555
50;680;499839
52;1196;523885
54;4322;567872
56;702;575926
58;573;605559
60;3710;673847
48;1857;6563
50;3278;13105
52;1071;43854
54;2628;73560
56;650;91857
58;311;115850
60;4688;207846
48;2085;535857
50;1169;559855
52;644;592152
54;4400;615865
56;676;662733
58;336;663042
60;2981;740716
48;2059;66946
50;2018;97276
52;594;108412
54;1936;145311
56;1034;162754
58;1204;198534
60;3359;225173
48;2916;570294
50;1967;595956
52;569;623841
54;2886;676212
56;982;676866
58;1255;697756
60;971;779955
48;3572;103847
50;2455;131857
52;643;155860
54;1988;179854
56;982;215893
58;1078;227856
60;971;251905
48;4326;620864
50;1529;621144
52;946;647851
54;1936;682531
56;1928;703844
58;598;719858
60;971;763845
48;5234;103850
50;1941;123841
52;895;147840
54;1911;175902
56;1827;207884
58;573;221564
60;997;288563
48;4705;639840
50;1427;667850
52;3428;703852
54;1859;727856
56;1826;751864
58;573;783842
60;996;843844
48;4882;183850
50;1375;225580
52;2274;235913
54;1833;267860
56;1647;299880
58;598;315858
60;996;375873
48;4201;723849
50;1323;747850
52;1623;771867
54;4992;819853
56;1570;848772
58;1759;883067
60;996;935844
48;4150;272067
50;1246;282928
52;1597;304406
54;5169;359381
56;1493;398225
58;1305;409383
60;971;463958
48;4151;803856
50;1143;827456
52;1472;851684
54;4605;899854
56;1111;923854
58;775;955840
60;996;7858
48;4101;343855
50;1273;369594
52;1999;411843
54;4502;447839
56;1008;471840
58;901;495839
60;997;544939
48;3672;904585
50;963;915900
52;1397;951849
54;4835;995881
56;906;3855
58;926;27855
60;1021;105563
48;4100;440572
50;1041;460847
52;1297;480961
54;4759;523855
56;803;564773
58;2846;587957
60;1021;636116
48;3999;984824
50;809;11949
52;1070;23803
54;4682;68150
56;702;103842
58;3248;133243
60;1072;179969
48;4226;523846
50;886;539915
52;970;571846
54;4579;611854
56;625;635850
58;2819;667839
60;1097;727844
48;3924;63839
50;758;87841
52;594;103908
54;3809;155884
56;523;171840
58;2845;199854
60;1423;271852
48;3646;607849
50;655;655707
52;493;656160
54;4373;691474
56;446;705564
58;3273;748949
60;2981;823842
48;4654;186570
50;552;187959
52;393;204896
54;4168;253588
56;803;271504
58;2819;300837
60;3181;364851
48;4579;722570
50;475;744837
52;283;745072
54;4067;790766
56;421;811855
58;3425;847851
60;2704;923562
48;4503;251846
50;578;268219
52;209;291851
54;3989;327867
56;285;359838
58;3399;391563
60;3080;458565
48;4453;793560
50;475;815840
52;184;825358
54;3886;872900
56;210;896873
58;1026;928705
60;3180;992840
48;3898;329577
50;809;352837
52;334;376837
54;3783;409225
56;140;425715
58;1633;463576
60;2679;532840
48;3848;865571
50;261;885786
52;334;906529
54;3681;949410
56;141;977486
58;160;985390
60;3130;27924
48;3797;376850
50;237;400573
52;309;401886
54;4271;441006
56;141;467572
58;1001;508858
60;2904;576842
48;3772;912947
50;237;936680
52;309;952975
54;1116;970359
56;141;984952
58;185;13029
60;2478;60987
48;3621;405573
50;263;418140
52;309;444849
54;1090;472576
56;140;486118
58;185;500959
60;2478;554162
48;3594;896840
50;338;917367
52;309;941571
54;3708;980839
56;140;984857
58;185;8574
60;2479;57069
48;3747;410559
50;211;411876
52;309;421825
54;1089;451838
56;336;467854
58;4083;515906
60;2478;543562
48;2764;878558
50;261;893176
52;309;911852
54;3760;955838
56;421;979839
58;285;995857
60;2377;32947
48;2437;375838
50;1118;391910
52;393;414559
54;4373;451850
56;159;467907
58;141;487851
60;1901;523855
48;2412;855851
50;3279;899840
52;744;923844
54;3758;959844
56;1008;975853
58;141;4777
60;1826;71857
48;2437;403845
50;3278;431853
52;139;463840
54;3758;507926
56;2950;531884
58;141;559848
60;1801;619840
48;3143;954557
50;3279;979882
52;669;3522
54;3757;51841
56;1135;75885
58;141;88561
60;1725;155561
48;3695;490557
50;3278;531974
52;644;557574
54;3552;595853
56;3410;624562
58;141;643855
60;1826;703854
48;2966;47841
50;3278;71840
52;870;93556
54;3603;131842
56;1008;155840
58;141;179838
60;1750;245864
48;2260;578565
50;3278;603858
52;819;628472
54;2988;673256
56;1008;692628
58;140;705285
60;1750;739845
48;2891;71967
50;3278;107917
52;970;129058
54;2192;168157
56;2670;191869
58;901;215858
60;1775;291849
48;2891;612847
50;3279;648846
52;946;668837
54;2168;697081
56;3282;740841
58;622;764838
60;1801;819574
48;3294;152871
50;3278;190000
52;3228;224847
54;2117;262554
56;3460;303580
58;598;316848
60;1801;371674
48;1756;710853
50;2455;715965
52;2625;751249
54;2065;783842
56;3410;840628
58;598;842087
60;2930;924530
48;1706;256857
50;2430;268853
52;3705;312895
54;2783;360840
56;3384;384839
58;799;408838
60;2805;468839
48;2236;792837
50;2198;808852
52;3678;852846
54;3733;892856
56;2337;924842
58;901;948838
60;2830;849
48;1631;324850
50;2147;356844
52;3803;392839
54;3680;428839
56;1902;464839
58;2845;504847
60;2202;536841
48;1455;864848
50;2043;888849
52;3126;923876
54;3578;965159
56;1801;998538
58;2845;25636
60;2278;80871
48;1353;407851
50;1787;439839
52;3051;467856
54;3500;518801
56;1698;539857
58;3375;575903
60;2352;627345
48;1278;955839
50;2378;986562
52;2976;19852
54;1885;57290
56;1775;68468
58;3577;120563
60;2503;187567
48;1202;523672
50;2327;532865
52;2876;589571
54;1783;590932
56;1672;619849
58;2919;656567
60;2554;723564
48;1151;58560
50;2198;83838
52;2851;104472
54;1218;120864
56;1571;166743
58;3299;192568
60;2780;275841
48;1076;594561
50;2095;623839
52;1722;635879
54;1629;673658
56;1314;708425
58;3475;727842
60;2553;803909
48;1076;129564
50;1993;151853
52;1648;175854
54;1577;205367
56;1213;240895
58;3348;263558
60;2780;351844
48;1000;665559
50;1889;691854
52;1171;721700
54;1500;748490
56;1111;780041
58;3374;819842
60;2705;883856
48;975;215838
50;1813;239840
52;1497;268581
54;3913;311844
56;1008;327859
58;3753;371839
60;2703;431840
48;925;747851
50;1683;804601
52;970;804851
54;4065;851872
56;906;872721
58;3349;906731
60;1072;960071
48;1278;289056
50;1529;318043
52;870;331844
54;4297;377053
56;829;400840
58;3324;443090
60;2705;521586
48;849;839850
50;1452;875561
52;770;895840
54;2654;923940
56;727;943772
58;3323;971857
60;896;995854
48;1176;320847
50;1401;344573
52;694;364897
54;2577;411643
56;676;428858
58;3273;453901
60;846;496148
48;1151;820115
50;1323;836457
52;618;859856
54;4118;906790
56;600;920851
58;3954;961516
60;670;992862
48;1127;307212
50;1169;324838
52;544;348575
54;4013;388846
56;548;412848
58;2314;458759
60;645;471923
48;1127;817560
50;1143;831885
52;518;843853
54;3885;884563
56;497;907871
58;3578;951583
60;645;971844
48;1253;303876
50;1118;319848
52;493;353566
54;3834;387888
56;471;407853
58;3576;439840
60;670;470994
48;1176;791851
50;1066;822563
52;443;833132
54;3782;867910
56;421;889561
58;3576;956584
60;1072;956842
48;1151;292699
50;1015;315885
52;418;325443
54;1012;358564
56;370;367854
58;3576;411846
60;1072;451911
48;950;775854
50;938;807840
52;946;826565
54;936;855884
56;311;865391
58;3576;907864
60;1072;979122
48;925;275881
50;501;295566
52;920;311841
54;910;362563
56;261;362801
58;3575;387853
60;1121;447146
48;823;770068
50;1633;792555
52;284;818822
54;858;833084
56;210;855861
58;3600;903856
60;2303;945364
48;798;273448
50;287;289236
52;3579;336848
54;781;344837
56;2081;370499
58;3095;408906
60;871;480852
48;798;807891
50;287;824382
52;3577;872671
54;337;888282
56;2107;914175
58;3095;960236
60;745;971284
48;311;297330
50;3279;329712
52;3426;376022
54;211;391857
56;3257;416690
58;3323;457792
60;771;512580
48;285;828614
50;3279;865637
52;3051;916708
54;186;927971
56;3306;955912
58;3323;999938
60;820;55847
48;185;372841
50;3278;411763
52;3026;446741
54;2065;473118
56;3512;509698
58;3324;546181
60;770;606577
48;159;924560
50;3278;951855
52;2324;991322
54;1988;12851
56;3307;44839
58;3349;86796
60;335;142531
48;4582;483958
50;3278;519635
52;2275;546442
54;1962;581577
56;3256;612850
58;5293;668835
60;284;732853
48;1933;56850
50;3278;90742
52;2374;122671
54;3143;160843
56;2259;196837
58;4107;236850
60;184;272848
48;1882;603848
50;3151;654796
52;2350;668581
54;3116;704154
56;2260;748838
58;3424;772837
60;184;812851
48;1807;144836
50;2842;189580
52;2300;216844
54;3014;256853
56;2107;268857
58;3399;316852
60;695;362870
48;1757;724577
50;2764;724908
52;2450;748905
54;2963;796855
56;2056;816838
58;3424;848839
60;670;904854
48;1732;224836
50;2687;260575
52;2198;300845
54;2911;329393
56;1979;360852
58;3399;394573
60;670;444851
48;1706;796577
50;2610;810149
52;2174;863611
54;3399;874028
56;1980;914864
58;3449;948856
60;695;3224
48;2488;332581
50;2533;353269
52;2048;380905
54;2936;425645
56;1801;441166
58;3424;480927
60;745;533637
48;2563;863882
50;2430;895882
52;2023;934568
54;2860;987873
56;1698;995851
58;3475;31851
60;1850;91852
48;2362;423892
50;2327;447840
52;2399;487557
54;2757;514773
56;1622;539120
58;3475;587839
60;1650;627853
48;2286;959843
50;2223;14901
52;1597;28778
54;3913;59942
56;1519;86470
58;3551;142038
60;1650;175844
48;2236;504203
50;2121;540789
52;1496;569929
54;3835;607853
56;1801;623863
58;2263;655839
60;2479;727842
48;2161;55848
50;2764;87898
52;1572;115711
54;2527;144566
56;1723;167251
58;2239;199856
60;2429;278565
48;2135;595858
50;2173;614715
52;1497;664169
54;2424;683848
56;1672;703855
58;1860;732154
60;2403;800765
48;1404;137616
50;1813;159860
52;1597;187852
54;3554;219856
56;1315;250748
58;2164;293337
60;2352;340867
48;2261;685577
50;1709;710113
52;945;755828
54;1269;756134
56;1493;791893
58;1785;808465
60;2328;851842
48;1151;166041
50;1607;207899
52;870;208141
54;1141;255177
56;1136;270994
58;3553;307840
60;2303;335853
48;1076;667875
50;1503;689568
52;819;719913
54;2091;731856
56;1493;755854
58;1481;783847
60;2277;839867
48;1000;151854
50;1401;183839
52;1924;207841
54;2476;243840
56;1417;273932
58;1457;291848
60;2252;327842
48;925;643850
50;1323;694562
52;1848;694794
54;2398;727910
56;1366;755850
58;1583;787853
60;2228;811859
48;849;127902
50;1221;163563
52;895;183859
54;2372;227881
56;1545;243851
58;1457;271890
60;1877;319277
48;798;631562
50;1118;645172
52;1071;667914
54;2296;715871
56;1315;731841
58;1204;765566
60;1876;795886
48;774;119859
50;1040;143853
52;618;167564
54;2219;187909
56;1213;215854
58;926;259841
60;1826;301613
48;723;611905
50;938;636565
52;945;667840
54;2758;691839
56;1340;714389
58;901;751845
60;1801;795233
48;1555;105562
50;604;139849
52;1271;159843
54;2116;187850
56;1494;211853
58;211;239563
60;1801;276763
48;1832;615841
50;1607;641565
